# name: debug
# type: sparse matrix
# nnz: 144
# rows: 24
# columns: 24

1 1 1e+09
2 1 0
3 1 0
4 1 0
5 1 0
6 1 0
1 2 0
2 2 1e+09
3 2 0
4 2 0
5 2 0
6 2 0
1 3 0
2 3 0
3 3 1e+09
4 3 0
5 3 0
6 3 0
1 4 0
2 4 0
3 4 0
4 4 0
5 4 0
6 4 0
1 5 0
2 5 0
3 5 0
4 5 0
5 5 0
6 5 0
1 6 0
2 6 0
3 6 0
4 6 0
5 6 0
6 6 0
7 7 0
8 7 0
9 7 0
10 7 0
11 7 0
12 7 0
7 8 0
8 8 1e+09
9 8 0
10 8 0
11 8 0
12 8 0
7 9 0
8 9 0
9 9 1e+09
10 9 0
11 9 0
12 9 0
7 10 0
8 10 0
9 10 0
10 10 0
11 10 0
12 10 0
7 11 0
8 11 0
9 11 0
10 11 0
11 11 0
12 11 0
7 12 0
8 12 0
9 12 0
10 12 0
11 12 0
12 12 0
13 13 0
14 13 0
15 13 0
16 13 0
17 13 0
18 13 0
13 14 0
14 14 0
15 14 0
16 14 0
17 14 0
18 14 0
13 15 0
14 15 0
15 15 1e+09
16 15 0
17 15 0
18 15 0
13 16 0
14 16 0
15 16 0
16 16 0
17 16 0
18 16 0
13 17 0
14 17 0
15 17 0
16 17 0
17 17 0
18 17 0
13 18 0
14 18 0
15 18 0
16 18 0
17 18 0
18 18 0
19 19 0
20 19 0
21 19 0
22 19 0
23 19 0
24 19 0
19 20 0
20 20 0
21 20 0
22 20 0
23 20 0
24 20 0
19 21 0
20 21 0
21 21 0
22 21 0
23 21 0
24 21 0
19 22 0
20 22 0
21 22 0
22 22 0
23 22 0
24 22 0
19 23 0
20 23 0
21 23 0
22 23 0
23 23 0
24 23 0
19 24 0
20 24 0
21 24 0
22 24 0
23 24 0
24 24 0
